fx:1
main:4
inita:16
initc:17
f:18
